{
  "advancedEditorSelectedIdentifier" : "ProjectBrowser",
  "openSceneRelativePaths" : [
    "Heros.usda",
    "Scene.usda",
    "FileParticle.usda",
    "AIBot_Jarvis.usda"
  ],
  "recentIdentifiers" : {
    "496AC90B-FD60-47C0-8454-5342381AA1CA" : [

    ],
    "949A5743-6394-43D1-9AD7-3628BEC69FBB" : [

    ],
    "AF09ED6F-1707-48FD-8720-65B998362C09" : [

    ],
    "D66134B1-3681-4A8E-AFE5-29F257229F3B" : [

    ],
    "FC7FDA42-FBA4-42D2-9577-BA5A3188AB58" : [

    ]
  },
  "sceneCameraHistory" : {
    "496AC90B-FD60-47C0-8454-5342381AA1CA" : [
      {
        "date" : 724659947.499082,
        "title" : "Untitled",
        "transform" : [
          0.9914566,
          -4.6564885e-10,
          -0.13043675,
          0,
          -0.044211227,
          0.9408052,
          -0.33605206,
          0,
          0.12271558,
          0.3389477,
          0.9327676,
          0,
          0.020477192,
          0.18518224,
          0.5727151,
          1
        ]
      },
      {
        "date" : 724659941.018917,
        "title" : "Untitled",
        "transform" : [
          0.99904215,
          -6.435876e-10,
          -0.043757077,
          0,
          -0.0166109,
          0.92514384,
          -0.37925342,
          0,
          0.040481575,
          0.3796169,
          0.92425776,
          0,
          -0.030035337,
          0.2097269,
          0.55749345,
          1
        ]
      },
      {
        "date" : 724659918.652572,
        "title" : "Untitled",
        "transform" : [
          0.999999,
          1.6214702e-09,
          0.0014870872,
          0,
          -0.00022351566,
          0.98863685,
          0.15032373,
          0,
          -0.0014702048,
          -0.15032402,
          0.9886357,
          0,
          -0.05526982,
          -0.10595515,
          0.58429885,
          1
        ]
      },
      {
        "date" : 724659910.086357,
        "title" : "Untitled",
        "transform" : [
          0.99908805,
          1.633723e-09,
          0.042701628,
          0,
          0.007859081,
          0.9829177,
          -0.18387789,
          0,
          -0.041972198,
          0.18404563,
          0.98202115,
          0,
          -0.077385955,
          0.08464038,
          0.53661925,
          1
        ]
      },
      {
        "date" : 724659904.3449,
        "title" : "Untitled",
        "transform" : [
          0.8977095,
          1.0176653e-09,
          -0.44058803,
          0,
          0.015827846,
          0.99935454,
          0.03224958,
          0,
          0.44030356,
          -0.03592444,
          0.89712995,
          0,
          0.4019627,
          0.021713039,
          0.43158656,
          1
        ]
      },
      {
        "date" : 724659798.714257,
        "title" : "Untitled",
        "transform" : [
          0.99648476,
          9.1344354e-10,
          0.08377478,
          0,
          -0.004278172,
          0.9986952,
          0.050888333,
          0,
          -0.08366549,
          -0.05106798,
          0.9951845,
          0,
          -0.04620776,
          -0.12162517,
          0.55599517,
          1
        ]
      },
      {
        "date" : 724659786.350084,
        "title" : "Untitled",
        "transform" : [
          0.98715794,
          1.6105575e-09,
          -0.1597473,
          0,
          -0.011450559,
          0.9974278,
          -0.07075885,
          0,
          0.15933637,
          0.07167928,
          0.9846187,
          0,
          0.08979431,
          -0.05295492,
          0.5515469,
          1
        ]
      },
      {
        "date" : 724659781.884132,
        "title" : "Untitled",
        "transform" : [
          0.99681413,
          1.6516377e-09,
          -0.07976041,
          0,
          -0.007337477,
          0.9957596,
          -0.091701195,
          0,
          0.0794222,
          0.09199421,
          0.9925872,
          0,
          0.04505349,
          -0.041570183,
          0.55637765,
          1
        ]
      },
      {
        "date" : 724659774.65654,
        "title" : "Untitled",
        "transform" : [
          0.9999762,
          1.7850439e-09,
          -0.006902391,
          0,
          -0.0011769988,
          0.9853536,
          -0.17051989,
          0,
          0.0068013,
          0.17052388,
          0.9853301,
          0,
          -0.09476665,
          0.01879099,
          0.55182475,
          1
        ]
      },
      {
        "date" : 724659772.629471,
        "title" : "Untitled",
        "transform" : [
          0.9999762,
          1.7850439e-09,
          -0.006902391,
          0,
          -0.0011769988,
          0.9853536,
          -0.17051989,
          0,
          0.0068013,
          0.17052388,
          0.9853301,
          0,
          0.0638763,
          0.15936536,
          0.52640146,
          1
        ]
      }
    ],
    "949A5743-6394-43D1-9AD7-3628BEC69FBB" : [
      {
        "date" : 724501548.892613,
        "title" : "Untitled",
        "transform" : [
          0.99964076,
          2.5358293e-10,
          0.026802938,
          0,
          0.0046909675,
          0.9845655,
          -0.17495403,
          0,
          -0.026389249,
          0.17501688,
          0.98421174,
          0,
          -0.0682505,
          0.45264617,
          2.545467,
          1
        ]
      },
      {
        "date" : 724501544.110279,
        "title" : "Untitled",
        "transform" : [
          -0.69778866,
          -1.2801682e-08,
          -0.71630365,
          0,
          0.123319075,
          0.985069,
          -0.12013153,
          0,
          0.7056085,
          -0.17216031,
          -0.6873699,
          0,
          0.5070545,
          0.03733346,
          -0.4937195,
          1
        ]
      },
      {
        "date" : 724501074.109992,
        "title" : "Untitled",
        "transform" : [
          -0.99996173,
          3.8216375e-12,
          -0.008748305,
          0,
          0.00013268695,
          0.99988496,
          -0.01516658,
          0,
          0.008747299,
          -0.01516716,
          -0.9998467,
          0,
          -0.012740772,
          0.050258275,
          -0.15081654,
          1
        ]
      },
      {
        "date" : 724500921.519765,
        "title" : "Untitled",
        "transform" : [
          -0.99996173,
          3.8216375e-12,
          -0.008748305,
          0,
          0.00013268695,
          0.99988496,
          -0.01516658,
          0,
          0.008747299,
          -0.01516716,
          -0.9998467,
          0,
          0.0012634023,
          -0.0018900207,
          -0.14990298,
          1
        ]
      },
      {
        "date" : 724500284.916653,
        "title" : "Untitled",
        "transform" : [
          -0.9999618,
          3.903284e-12,
          -0.008748307,
          0,
          0.00013268698,
          0.99988496,
          -0.015166583,
          0,
          0.0087473,
          -0.015167164,
          -0.99984676,
          0,
          -0.28112215,
          0.44971317,
          -2.0003192,
          1
        ]
      },
      {
        "date" : 724500275.045842,
        "title" : "Untitled",
        "transform" : [
          -0.94810456,
          -5.5064575e-10,
          -0.31795862,
          0,
          0.042839635,
          0.9908819,
          -0.12774132,
          0,
          0.31505942,
          -0.13473335,
          -0.9394596,
          0,
          0.36564416,
          0.20799738,
          -2.0262263,
          1
        ]
      },
      {
        "date" : 724500234.713344,
        "title" : "Untitled",
        "transform" : [
          -0.9999955,
          4.7179483e-12,
          -0.002978237,
          0,
          -0.0005694282,
          0.9815518,
          0.19119555,
          0,
          0.002923294,
          0.19119637,
          -0.9815474,
          0,
          -0.25514567,
          0.8729463,
          -1.858883,
          1
        ]
      },
      {
        "date" : 724500221.721312,
        "title" : "Untitled",
        "transform" : [
          0.17335011,
          -1.16403855e-08,
          -0.98486036,
          0,
          -0.5589837,
          0.8233206,
          -0.09838947,
          0,
          0.81085575,
          0.56757665,
          0.1427227,
          0,
          1.3598737,
          1.5598092,
          0.01949302,
          1
        ]
      },
      {
        "date" : 724500216.695524,
        "title" : "Untitled",
        "transform" : [
          0.99999994,
          0,
          0,
          0,
          0,
          0.8660254,
          -0.49999988,
          0,
          0,
          0.49999988,
          0.8660254,
          0,
          0.21501432,
          1.4481249,
          1.4626522,
          1
        ]
      },
      {
        "date" : 724500185.04639,
        "title" : "Untitled",
        "transform" : [
          0.99999994,
          0,
          0,
          0,
          0,
          0.8660254,
          -0.49999988,
          0,
          0,
          0.49999988,
          0.8660254,
          0,
          0.03412442,
          1.3765119,
          1.5039982,
          1
        ]
      }
    ],
    "87789D9A-B3ED-4C66-B0A6-00BE17ABC48A" : [
      {
        "date" : 724486288.527546,
        "title" : "Untitled",
        "transform" : [
          0.99999994,
          0,
          -0,
          0,
          -0,
          0.8660254,
          -0.49999994,
          0,
          0,
          0.49999994,
          0.8660254,
          0,
          0,
          0.21529262,
          0.37289777,
          1
        ]
      }
    ],
    "AF09ED6F-1707-48FD-8720-65B998362C09" : [
      {
        "date" : 724486167.099578,
        "title" : "Untitled",
        "transform" : [
          1,
          0,
          0,
          0,
          0,
          0.8660258,
          -0.49999925,
          0,
          0,
          0.49999925,
          0.8660258,
          0,
          0,
          3.2708743,
          3.5479815,
          1
        ]
      },
      {
        "date" : 724486161.925364,
        "title" : "Untitled",
        "transform" : [
          1,
          0,
          -0,
          0,
          -0,
          0.8660258,
          -0.49999925,
          0,
          0,
          0.49999925,
          0.8660258,
          0,
          0,
          3.752382,
          4.381978,
          1
        ]
      },
      {
        "date" : 724486160.772484,
        "title" : "Untitled",
        "transform" : [
          1,
          0,
          -0,
          0,
          -0,
          0.8660254,
          -0.5,
          0,
          0,
          0.5,
          0.8660254,
          0,
          0,
          0.14228708,
          0.24644847,
          1
        ]
      }
    ],
    "D66134B1-3681-4A8E-AFE5-29F257229F3B" : [
      {
        "date" : 724660448.122363,
        "title" : "Untitled",
        "transform" : [
          0.9978825,
          9.223684e-10,
          -0.06504286,
          0,
          -0.028453752,
          0.8992372,
          -0.4365352,
          0,
          0.058488958,
          0.43746156,
          0.89733297,
          0,
          0.003995474,
          0.07994871,
          0.121331505,
          1
        ]
      },
      {
        "date" : 724660437.989927,
        "title" : "Untitled",
        "transform" : [
          0.9978825,
          9.223684e-10,
          -0.06504286,
          0,
          -0.028453752,
          0.8992372,
          -0.4365352,
          0,
          0.058488958,
          0.43746156,
          0.89733297,
          0,
          0.0041448516,
          0.041643858,
          0.1399959,
          1
        ]
      },
      {
        "date" : 724660350.215919,
        "title" : "Untitled",
        "transform" : [
          1,
          0,
          0,
          0,
          0,
          0.7071069,
          -0.70710677,
          0,
          0,
          0.70710677,
          0.7071069,
          0,
          0,
          0.10188204,
          0.10188205,
          1
        ]
      },
      {
        "date" : 724660065.020129,
        "title" : "Untitled",
        "transform" : [
          1,
          0,
          0,
          0,
          0,
          0.7071069,
          -0.70710677,
          0,
          0,
          0.70710677,
          0.7071069,
          0,
          -0.42300573,
          5.445024,
          4.6723266,
          1
        ]
      },
      {
        "date" : 724574990.72711,
        "title" : "Untitled",
        "transform" : [
          0.88965636,
          -6.019696e-11,
          -0.45663065,
          0,
          -0.3210154,
          0.71118104,
          -0.6254364,
          0,
          0.32474706,
          0.70300895,
          0.63270676,
          0,
          0.05372879,
          0.24986924,
          0.4820857,
          1
        ]
      },
      {
        "date" : 724574982.469756,
        "title" : "Untitled",
        "transform" : [
          0.88965636,
          -6.019696e-11,
          -0.45663065,
          0,
          -0.3210154,
          0.71118104,
          -0.6254364,
          0,
          0.32474706,
          0.70300895,
          0.63270676,
          0,
          0.23409697,
          0.15635128,
          0.49341783,
          1
        ]
      },
      {
        "date" : 724574935.246408,
        "title" : "Untitled",
        "transform" : [
          1,
          0,
          0,
          0,
          0,
          0.7071069,
          -0.7071067,
          0,
          0,
          0.7071067,
          0.7071069,
          0,
          -0.017043833,
          0.15950245,
          0.5447823,
          1
        ]
      },
      {
        "date" : 724573805.204056,
        "title" : "Untitled",
        "transform" : [
          1,
          0,
          -0,
          0,
          -0,
          0.7071069,
          -0.7071067,
          0,
          0,
          0.7071067,
          0.7071069,
          0,
          -0.0031738281,
          0.23059082,
          0.47369385,
          1
        ]
      },
      {
        "date" : 724573796.676209,
        "title" : "Untitled",
        "transform" : [
          1,
          0,
          0,
          0,
          0,
          0.7071069,
          -0.70710677,
          0,
          0,
          0.70710677,
          0.7071069,
          0,
          0,
          572.33527,
          572.33527,
          1
        ]
      },
      {
        "date" : 724573735.925055,
        "title" : "Untitled",
        "transform" : [
          0.977235,
          -6.69647e-09,
          0.21215954,
          0,
          0.073633075,
          0.9378413,
          -0.33916372,
          0,
          -0.19897194,
          0.3470646,
          0.91649127,
          0,
          0.06788065,
          0.20563698,
          0.5882537,
          1
        ]
      }
    ],
    "FC7FDA42-FBA4-42D2-9577-BA5A3188AB58" : [
      {
        "date" : 724501813.43195,
        "title" : "Untitled",
        "transform" : [
          0.9901271,
          8.484165e-09,
          -0.14017256,
          0,
          -0.04907316,
          0.93671566,
          -0.34663463,
          0,
          0.13130184,
          0.350091,
          0.92746764,
          0,
          0.43585148,
          0.9842193,
          1.3032038,
          1
        ]
      },
      {
        "date" : 724501164.649603,
        "title" : "Untitled",
        "transform" : [
          0.9901271,
          8.484165e-09,
          -0.14017256,
          0,
          -0.04907316,
          0.93671566,
          -0.34663463,
          0,
          0.13130184,
          0.350091,
          0.92746764,
          0,
          0.34300667,
          1.003957,
          1.3088975,
          1
        ]
      },
      {
        "date" : 724501161.07138,
        "title" : "Untitled",
        "transform" : [
          0.9901271,
          8.484165e-09,
          -0.14017256,
          0,
          -0.04907316,
          0.93671566,
          -0.34663463,
          0,
          0.13130184,
          0.350091,
          0.92746764,
          0,
          0.028317213,
          0.7894571,
          1.4344153,
          1
        ]
      },
      {
        "date" : 724501157.266415,
        "title" : "Untitled",
        "transform" : [
          0.9901271,
          8.484165e-09,
          -0.14017256,
          0,
          -0.04907316,
          0.93671566,
          -0.34663463,
          0,
          0.13130184,
          0.350091,
          0.92746764,
          0,
          1.0975832,
          1.4776443,
          1.0232692,
          1
        ]
      },
      {
        "date" : 724501155.675643,
        "title" : "Untitled",
        "transform" : [
          0.9901271,
          8.484165e-09,
          -0.14017256,
          0,
          -0.04907316,
          0.93671566,
          -0.34663463,
          0,
          0.13130184,
          0.350091,
          0.92746764,
          0,
          1.3319019,
          1.0696868,
          1.144088,
          1
        ]
      },
      {
        "date" : 724499346.83821,
        "title" : "Untitled",
        "transform" : [
          0.9901271,
          8.484165e-09,
          -0.14017256,
          0,
          -0.04907316,
          0.93671566,
          -0.34663463,
          0,
          0.13130184,
          0.350091,
          0.92746764,
          0,
          0.18316224,
          0.742313,
          1.4302888,
          1
        ]
      },
      {
        "date" : 724499344.47263,
        "title" : "Untitled",
        "transform" : [
          0.9901271,
          8.484165e-09,
          -0.14017256,
          0,
          -0.04907316,
          0.93671566,
          -0.34663463,
          0,
          0.13130184,
          0.350091,
          0.92746764,
          0,
          0.013065219,
          0.7945918,
          1.4346361,
          1
        ]
      },
      {
        "date" : 724499326.972768,
        "title" : "Untitled",
        "transform" : [
          0.9901271,
          8.484165e-09,
          -0.14017256,
          0,
          -0.049073167,
          0.9367158,
          -0.34663466,
          0,
          0.13130184,
          0.350091,
          0.92746764,
          0,
          -0.4021124,
          0.913033,
          1.448705,
          1
        ]
      },
      {
        "date" : 724499317.300745,
        "title" : "Untitled",
        "transform" : [
          -0.050477393,
          7.443676e-09,
          -0.9987252,
          0,
          -0.47852048,
          0.8777433,
          0.024185305,
          0,
          0.87662435,
          0.47913125,
          -0.044306196,
          0,
          1.177752,
          1.1691533,
          -0.40286887,
          1
        ]
      },
      {
        "date" : 724499267.425685,
        "title" : "Untitled",
        "transform" : [
          0.9646498,
          7.536475e-09,
          -0.26353505,
          0,
          -0.0911477,
          0.93828416,
          -0.33363912,
          0,
          0.24727076,
          0.34586552,
          0.9051156,
          0,
          0.8546792,
          0.81190014,
          1.235564,
          1
        ]
      }
    ]
  },
  "selectedSceneRelativePath" : "Scene.usda"
}